554
556
559
545
539
543
551
554
554
553
555
556
552
542
537
547
552
553
554
553
556
557
547
539
541
549
555
553
553
554
557
556
544
537
545
551
554
553
554
554
557
550
541
537
548
552
554
553
554
556
558
545
539
542
551
554
554
553
555
556
555
542
537
546
552
554
554
552
556
557
549
540
539
548
554
554
554
554
556
557
545
538
544
550
555
553
554
555
558
552
542
536
547
552
555
553
553
555
558
547
540
540
550
554
554
553
555
556
557
543
538
544
552
554
554
553
556
557
551
540
538
548
554
553
554
553
557
558
547
538
542
549
555
554
554
554
557
554
543
537
546
551
554
553
554
555
558
547
540
538
550
553
554
552
554
556
559
544
538
543
551
554
554
552
555
556
553
541
537
546
553
553
554
553
556
556
548
539
541
549
554
553
553
554
557
556
543
537
545
551
555
553
553
554
557
549
542
536
548
552
554
553
554
555
558
545
539
542
550
553
554
552
555
556
554
541
537
545
552
553
553
552
556
557
549
539
539
548
554
553
553
553
556
556
545
537
544
550
555
553
554
554
557
551
542
536
548
552
555
553
553
555
558
547
540
540
550
554
555
553
555
556
557
543
539
544
552
554
555
553
557
557
551
541
539
548
554
553
554
553
557
558
546
538
543
550
555
554
554
554
558
555
544
537
547
552
556
554
555
556
559
549
542
540
551
554
555
554
556
557
559
545
540
545
553
555
555
554
557
558
554
543
538
548
554
555
556
554
557
558
549
540
543
550
556
554
555
555
559
557
545
538
547
553
556
554
555
556
559
551
542
538
550
553
556
554
555
556
559
546
540
542
552
554
555
554
556
557
556
542
539
547
554
554
555
553
557
558
550
540
540
549
556
554
555
554
558
558
546
538
545
551
556
554
555
555
558
552
543
537
549
553
556
554
556
557
560
547
541
542
552
555
556
554
557
558
559
545
540
546
554
556
557
555
559
559
554
543
541
550
556
556
557
556
560
560
549
541
546
553
559
556
557
558
561
557
547
539
550
555
559
556
558
558
562
551
545
542
553
556
558
556
558
559
561
547
542
546
555
556
556
554
557
558
554
541
538
547
554
554
555
553
557
557
548
539
541
549
555
553
554
554
557
555
543
537
546
551
554
552
554
554
558
549
541
536
548
552
554
552
553
555
558
545
539
541
550
553
554
552
554
555
554
541
537
544
552
552
553
552
556
556
548
538
539
548
554
552
553
552
556
556
544
536
543
549
554
552
553
553
557
550
542
535
547
551
553
552
554
554
557
545
539
540
550
553
553
551
554
555
556
542
537
543
552
553
554
551
555
556
550
540
537
546
553
553
554
552
556
556
546
537
543
549
554
552
553
553
557
553
542
536
546
551
555
552
553
554
557
547
540
538
549
552
554
552
554
555
557
543
538
543
551
553
553
552
555
556
552
540
537
547
553
553
554
552
557
557
548
538
541
549
555
553
554
553
557
556
544
538
546
551
555
554
554
555
558
550
542
538
550
553
555
554
555
556
560
546
540
543
552
555
556
553
557
557
556
543
539
547
554
556
556
555
558
558
551
541
542
550
556
555
556
556
560
559
547
539
547
553
558
555
556
557
560
554
545
538
550
555
557
556
556
557
560
549
543
543
553
556
557
556
558
559
559
545
541
547
555
557
557
555
559
560
554
543
541
550
557
557
557
556
559
560
549
541
546
553
558
556
557
557
560
556
546
539
550
555
557
556
556
558
561
551
543
542
553
556
558
555
558
559
562
547
542
546
555
557
558
556
559
559
556
544
541
550
556
557
557
556
560
561
550
541
544
552
558
557
556
557
560
559
547
540
548
554
558
557
557
558
561
552
544
541
552
556
558
556
558
559
562
548
542
545
555
557
557
556
559
560
558
545
540
549
556
557
558
556
559
560
552
543
543
552
557
557
557
557
560
560
548
541
548
554
558
556
557
558
561
555
545
539
551
556
558
557
557
559
562
550
543
544
553
557
558
556
559
559
559
546
541
548
555
557
557
556
559
560
554
543
541
551
557
557
557
556
560
561
549
541
546
553
558
557
557
558
560
557
546
540
550
555
558
556
557
559
561
551
543
543
553
557
557
556
558
560
562
547
542
547
555
558
558
556
559
560
556
545
541
550
557
557
557
557
560
561
550
542
545
553
558
557
557
558
561
559
547
540
549
555
559
557
557
558
561
553
545
541
552
556
558
557
558
559
562
549
543
546
554
557
558
557
559
560
558
545
540
550
556
558
557
557
560
561
552
543
543
552
558
545
533
525
522
518
504
496
500
503
505
502
501
502
503
497
488
484
493
497
498
496
496
498
500
490
484
486
493
496
496
495
496
497
496
486
482
488
493
495
495
494
496
497
491
483
482
490
494
494
494
494
496
497
487
481
485
492
495
494
493
494
496
493
485
480
488
492
494
493
493
495
496
488
482
482
491
493
493
493
494
496
496
485
480
486
491
494
493
492
494
495
491
483
479
488
492
493
493
493
494
495
487
481
483
490
493
493
492
493
495
493
483
479
486
491
493
492
491
494
495
489
482
479
488
492
493
492
492
494
495
485
480
484
490
493
492
492
493
495
491
483
479
487
492
493
492
492
494
495
488
481
482
489
493
493
492
492
495
495
484
480
485
491
493
492
492
493
495
490
482
479
488
492
492
492
491
494
495
486
480
482
490
493
492
492
493
494
494
483
479
485
491
493
492
492
493
495
488
482
480
488
492
492
491
493
494
495
485
480
484
490
493
492
491
493
494
492
483
478
486
491
492
492
491
494
495
488
481
481
489
492
492
492
493
494
495
484
479
485
490
493
492
491
493
495
490
482
478
488
491
493
492
492
493
495
486
481
482
489
492
492
492
493
494
493
483
479
485
491
492
492
491
494
495
488
480
480
488
492
492
491
491
494
495
485
479
484
489
493
492
491
492
494
490
483
478
487
491
492
491
492
493
495
486
480
481
489
492
492
491
492
494
495
484
479
484
490
492
492
491
493
494
490
481
479
487
491
492
492
492
494
494
486
480
483
489
493
491
491
492
494
493
483
478
486
490
493
491
491
492
495
488
482
479
488
491
493
491
492
493
495
484
480
484
490
492
492
491
493
495
492
482
479
486
492
492
492
491
494
494
488
480
481
488
492
492
492
492
494
494
484
479
485
490
492
491
491
492
495
489
482
477
488
491
492
491
492
493
495
485
480
481
489
492
492
490
492
493
493
483
479
485
490
492
492
490
493
494
488
480
479
487
492
491
491
491
494
494
484
478
483
488
492
491
491
491
494
490
482
477
486
490
492
491
491
492
494
485
480
480
488
491
491
490
492
493
494
482
478
483
490
491
491
489
492
493
489
481
478
486
491
491
491
490
493
493
485
479
482
488
492
490
491
491
494
491
482
477
485
489
492
490
490
491
494
487
480
478
487
490
492
490
491
492
495
483
479
482
489
491
491
490
492
492
490
480
478
485
491
490
500
508
519
526
523
517
520
530
538
539
541
542
546
547
536
530
537
543
549
547
548
549
553
546
538
533
545
549
551
550
552
553
557
544
538
539
549
552
553
551
554
555
556
542
537
544
552
554
554
552
556
556
550
540
539
548
554
553
554
554
558
558
546
538
544
551
556
554
555
555
559
554
544
537
548
553
556
555
555
556
560
549
542
541
551
554
556
554
557
558
560
545
540
546
554
556
556
554
558
559
554
542
539
549
556
556
556
555
558
559
549
541
544
551
557
555
557
556
560
557
546
539
549
553
557
555
556
557
560
551
543
540
551
556
557
555
557
558
561
547
541
544
554
556
557
555
558
559
557
544
540
548
556
556
557
555
559
560
551
542
543
551
558
556
557
556
560
559
548
540
547
553
558
556
557
557
560
553
545
539
551
555
558
556
558
558
561
548
542
543
554
556
557
555
558
559
560
545
541
548
555
557
557
555
559
559
553
543
542
550
557
557
557
556
560
560
548
540
547
553
558
555
556
557
561
556
545
539
550
554
558
556
557
557
561
550
544
542
552
556
558
556
558
558
561
546
541
547
554
556
557
555
559
559
555
543
540
550
556
556
557
555
559
560
550
541
544
552
558
556
557
556
560
557
546
539
549
553
557
555
556
557
560
551
543
539
551
555
557
554
556
558
560
546
540
543
553
555
556
554
557
557
556
543
539
547
554
555
556
554
558
558
550
540
542
550
556
554
556
555
559
559
546
539
547
553
558
555
556
556
560
553
544
538
550
554
557
555
557
557
560
547
542
543
552
555
556
554
557
558
557
543
539
546
554
555
555
553
557
558
552
541
539
548
555
554
555
554
557
558
547
539
544
551
556
554
555
555
558
553
543
537
548
553
555
553
554
556
559
548
541
540
550
554
556
554
555
556
559
544
540
544
552
554
555
554
557
557
552
541
538
548
554
554
555
554
558
558
548
539
543
550
556
554
555
554
558
556
545
538
547
552
556
554
555
556
559
550
542
539
550
554
555
554
555
557
559
545
540
543
552
555
555