
52
69
66
67
64
69
80
83
51
12
-7
0
36
56
71
67
66
66
70
82
87
41
9
-11
7
41
57
71
67
64
66
73
80
87
51
21
0
-15
27
52
65
69
66
62
69
77
83
64
15
-4
-8
30
54
69
67
67
62
71
78
83
53
22
-4
-13
25
51
69
67
67
65
67
78
83
61
29
0
-15
22
47
65
69
65
65
67
74
85
86
22
-2
-15
29
50
65
68
65
63
68
74
84
61
14
-4
-8
32
54
67
68
65
61
70
77
84
52
2
-12
14
44
62
68
66
63
63
75
81
82
43
-1
-13
19
46
64
66
66
64
64
75
82
72
22
-9
1
35
55
70
65
65
63
70
81
85
40
7
-12
8
39
57
70
67
63
65
72
81
87
51
4
-14
13
44
59
68
67
61
67
74
81
85
26
-3
-8
30
55
66
67
65
62
70
77
83
53
10
-4
-13
25
50
67
67
67
63
67
78
81
81
17
0
-13
22
45
65
67
65
63
65
76
84
85
22
-3
-15
27
49
65
69
64
64
67
76
85
60
14
-5
-8
33
53
67
69
64
64
71
77
85
51
3
-11
13
45
61
67
67
61
63
74
79
85
42
0
-13
20
47
63
67
67
63
65
75
81
72
21
-7
0
34
56
70
65
65
62
69
81
85
42
8
-11
7
39
57
70
65
63
63
70
81
87
50
5
-13
14
43
59
69
67
62
65
72
81
85
41
1
-14
20
48
61
67
67
62
67
74
80
74
21
3
-11
13
43
61
67
67
64
64
76
80
83
28
6
-9
7
38
59
69
65
65
62
73
82
83
35
5
-13
14
43
61
69
66
66
66
73
84
85
27
1
-14
22
47
62
69
66
64
68
75
84
87
21
0
-15
25
52
65
69
66
62
69
76
83
85
26
6
-10
6
39
60
67
67
65
62
74
80
83
35
1
-10
15
41
63
67
65
65
63
74
81
82
28
0
-14
22
45
65
68
63
65
65
74
83
84
23
-1
-14
27
49
65
68
63
63
69
74
84
82
16
1
-14
20
49
61
68
65
61
67
74
81
87
19
-1
-12
26
52
64
66
66
61
68
75
80
82
15
-5
-5
31
54
68
65
66
61
68
79
82
52
3
-12
17
41
61
68
64
64
63
71
82
80
40
1
-14
22
46
62
68
64
62
66
73
82
72
20
-8
-1
37
55
66
68
63
63
72
77
86
42
6
-9
5
39
59
66
66
63
61
73
79
86
53
3
-11
14
42
62
66
67
65
61
75
81
83
44
0
-13
21
44
64
68
65
65
65
76
83
72
23
-2
-15
27
48
67
69
63
65
67
74
85
83
26
7
-10
6
41
58
69
67
62
65
72
80
85
33
2
-14
12
45
62
67
67
62
66
75
80
85
26
0
-13
20
47
65
65
67
63
65
76
81
72
10
-10
0
34
56
71
66
66
62
71
80
84
60
8
-6
-9
32
52
69
67
66
64
69
78
86
73
11
-8
-1
37
56
69
67
64
64
71
78
87
62
6
-10
5
41
59
67
67
64
64
75
78
87
21
2
-12
12
43
62
67
68
64
64
77
80
84
44
6
-12
7
37
60
69
66
66
62
73
82
86
35
2
-14
14
43
62
70
64
66
66
74
83
86
27
8
-12
5
42
59
70
68
63
67
72
82
87
33
2
-15
12
45
60
68
68
63
67
76
81
86
27
6
-9
8
40
60
68
68
65
61
74
81
82
36
2
-10
15
42
62
68
66
65
63
75
83
84
29
7
-10
10
38
59
70
66
66
65
72
83
86
34
4
-14
15
44
60
70
66
63
66
74
83
87
41
16
-3
-8
32
55
66
70
65
63
72
77
82
52
10
-7
0
35
59
68
68
66
61
74
79
82
43
7
-9
8
38
60
70
66
66
63
74
81
84
36
4
-12
15
42
62
70
65
66
65
74
83
82
29
2
-14
22
45
62
70
65
65
68
75
84
74
20
5
-12
13
46
60
70
66
65
66
73
81
87
41
14
-3
-8
32
55
68
68
66
61
72
79
80
53
10
-7
1
35
59
68
66
66
61
72
81
82
43
7
-10
10
39
59
70
66
66
65
72
83
84
34
3
-12
17
44
60
70
66
64
66
73
83
84
27
1
-15
20
47
62
70
66
63
68
73
84
75
19
2
-12
12
45
62
68
68
62
66
75
81
86
26
0
-13
18
47
65
65
67
64
65
76
82
85
21
-4
-13
25
49
67
67
65
64
65
78
83
81
17
-7
-7
31
51
69
67
64
64
67
78
85
70
12
-7
0
38
54
69
67
64
64
71
78
87
62
7
-9
6
41
58
67
67
64
62
74
78
87
34
-3
-14
25
50
65
65
67
62
67
78
82
62
16
-6
-5
31
52
69
66
68
64
67
80
84
52
13
-3
-14
28
49
67
68
64
66
68
76
85
82
27
8
-10
8
41
59
70
68
62
64
71
80
87
21
-1
-14
26
53
64
70
66
62
70
77
84
62
14
-5
-7
30
55
68
68
66
62
71
79
84
53
1
-11
15
42
63
69
66
64
62
74
82
82
43
0
-10
8
40
58
71
66
66
64
71
82
86
33
-2
-15
27
51
65
68
64
64
69
75
86
62
15
-4
-10
30
54
67
69
64
62
71
76
85
74
9
-8
-1
34
58
67
67
66
60
73
78
86
62
6
-7
-7
28
54
67
65
65
62
69
80
84
51
2
-13
14
41
61
69
64
65
64
72
81
81
28
-5
-8
32
52
67
67
64
63
69
76
85
73
21
-2
-14
27
51
61
66
64
61
66
69
75
77
42
27
27
43
56
63
65
66
64
67
72
74
78
51
42
39
54
66
73
73
74
73
75
80
83
76
59
50
51
66
75
82
82
83
83
85
90
92
80
63
45
46
48
48
45
40
38
37
37
39
38
22
16
12
22
30
33
35
33
32
34
36
38
36
22
18
16
27
34
38
38
38
37
40
42
44
39
29
24
25
36
42
45
45
45
45
48
50
52
43
24
16
23
40
50
57
53
53
52
58
66
74
35
10
-6
17
43
57
64
60
58
58
63
76
82
29
2
-13
18
47
61
70
65
59
62
70
80
83
21
-1
-15
23
52
66
69
66
61
66
75
78
69
17
-4
-12
31
56
69
67
64
59
64
75
78
59
12
-6
-3
34
59
70
65
65
59
68
79
82
65
9
-10
3
40
60
71
66
63
63
69
80
86
35
-1
-15
26
52
66
71
63
61
66
72
83
69
17
-7
3
44
60
69
69
61
61
72
75
83
37
4
-9
11
44
63
67
67
61
59
72
78
83
48
1
-9
3
38
61
69
64
64
59
67
78
81
37
0
-15
25
49
66
67
62
62
62
73
81
65
19
2
-14
20
50
62
70
65
62
65
71
82
87
38
7
-9
12
47
62
70
71
62
63
73
79
87
49
18
-1
-12
31
59
70
68
68
62
71
79
81
59
12
-6
-3
37
60
71
65
65
63
68
79
81
46
10
-9
7
40
60
71
66
63
60
69
80
82
54
16
-5
-5
38
57
71
69
63
63
69
76
85
44
0
-14
17
49
64
72
67
61
64
73
81
81
22
0
-14
24
55
67
67
67
59
64
76
79
70
17
0
-12
18
47
67
67
64
62
62
73
79
79
22
-2
-14
24
50
70
67
65
62
62
73
82
81
19
-5
-16
33
53
70
67
62
62
65
73
82
78
11
-6
-8
39
56
70
67
62
62
67
73
84
70
8
-8
2
41
61
70
67
62
59
70
76
84
36
-2
-14
24
52
67
67
67
61
64
75
81
70
20
-7
6
41
60
72
64
64
61
69
80
83
37
7
-9
14
44
60
72
64
64
61
70
80
83
46
13
-1
-15
33
56
67
70
64
62
67
75
84
56
7
-9
11
47
61
70
67
62
62
73
76
87
29
10
-6
4
39
62
68
68
65
60
71
76
79
57
15
-6
-3
34
59
71
65
65
60
65
76
82
46
2
-13
19
48
65
71
63
63
63
71
83
83
37
6
-10
11
45
62
71
66
60
63
71
80
86
29
9
-7
3
42
60
69
69
63
60
72
77
86
38
4
-10
9
45
65
69
69
64
61
75
78
83
30
-1
-10
20
46
69
69
67
64
64
75
81
83
24
-3
-15
26
49
69
69
64
64
64
75
84
86
30
10
-9
4
43
58
72
67
61
64
70
78
84
36
13
-6
-6
38
58
70
70
64
62
70
76
84
30
2
-12
18
49
67
70
67
61
64
76
79
84
13
-8
-5
35
61
73
68
68
62
68
79
82
48
10
-7
-13
32
56
70
67
65
65
65
79
85
56
12
-7
-8
38
55
73
67
62
64
67
76
85
70
9
-11
0
40
61
70
67
61
61
70
75
87
36
5
-9
9
46
64
70
70
64
62
73
78
87
30
-3
-12
29
54
69
67
67
61
67
78
81
59
14
-9
-4
35
57
72
67
64
61
67
78
84
67
11
-6
-15
32
52
69
70
64
64
67
75
84
81
22
7
-12
10
47
64
72
67
61
64
72
78
86
16
-4
-15
32
58
67
69
64
58
69
75
81
58
10
-6
-3
35
61
69
67
66
58
69
78
83
47
0
-12
20
46
66
69
63
63
61
72
80
80
38
0
-15
26
49
66
69
63
63
63
74
83
69
18
-9
1
40
60
72
66
61
61
69
77
86
36
5
-9
9
45
62
69
69
61
61
72
78
86
47
2
-12
17
48
66
66
66
64
61
75
78
84
39
-3
-15
26
51
69
69
64
64
64
75
81
67
19
2
-15
21
46
66
70
64
64
64
73
81
84
36
13
-6
-6
38
58
73
70
61
61
70
76
84
44
7
-9
1
44
61
70
70
62
62
73
76
87
22
0
-14
24
52
67
67
67
62
65
76
82
84
17
-6
-12
29
55
70
67
67
62
64
78
81
59
14
-8
-3
35
58
72
67
64
62
67
78
84
67
19
4
-14
21
50
64
73
64
61
64
73
82
85
21
-2
-16
23
56
67
70
64
62
67
73
82
70
6
-11
0
41
61
70
67
64
59
70
79
84
39
2
-9
10
43
64
70
64
64
59
73
79
84
48
0
-14
18
46
67
70
64
64
62
73
81
79
25
-8
-6
38
55
70
68
62
62
68
76
85
68
9
-2
-17
30
53
67
71
65
62
68
73
82
82
23
0
-14
22
53
65
68
65
59
65
74
79
85
17
-5
-13
28
56
68
65
65
60
65
77
79
57
11
-8
-4
37
57
71
66
63
60
66
77
83
65
9
-10
3
40
60
71
66
63
60
69
80
83
55
7
-10
12
46
60
72
66
60
63
72
77
86
30
-1
-15
29
54
69
69
66
61
69
75
80
58
10
-6
-4
34
60
69
66
64
61
69
77
80
69
7
-5
-11
29
54
68
66
63
60
63
76
79
76
13
-8
-5
38
54
71
65
60
60
65
76
82
43
2
-14
18
48
62
68
62
59
62
68
78
78
21
-1
-15
23
53
64
67
64
59
64
72
78
86
31
-1
-12
31
58
69
67
67
61
67
77
80
61
15
-4
1
39
61
75
67
67
64
70
81
84
70
12
-6
9
45
62
76
68
65
65
71
82
85
38
2
-11
29
53
67
62
56
53
54
54
58
52
34
27
29
40
45
47
46
44
42
45
45
47
33
24
22
20
31
36
38
37
36
33
36
36
37
28
17
14
12
21
27
30
29
27
26
26
28
29
27
11
16
23
41
52
62
63
65
67
70
75
78
67
54
47
50
64
71
76
76
74
74
76
80
82
65
53
45
51
63
69
72
72
70
69
72
73
77
56
44
38
47
58
64
66
66
63
63
67
68
69
46
32
19
34
54
67
68
68
64
65
74
76
71
33
10
-1
33
52
67
67
65
65
66
75
81
62
24
1
-2
35
53
68
67
63
65
68
76
85
51
16
-3
2
38
57
69
69
64
64
72
77
85
43
11
-5
9
41
59
68
68
65
63
73
78
87
37
6
-10
12
43
62
68
68
67
65
78
83
85
44
7
-12
7
39
62
72
66
68
64
74
85
87
36
11
-11
0
36
56
71
68
66
66
72
83
88
41
16
-6
-12
32
55
68
70
65
65
72
78
85
51
9
-6
-1
36
58
68
70
64
62
73
79
84
44
14
-3
-7
30
56
69
67
67
62
71
80
83
36
10
-9
1
34
58
71
67
67
64
71
82
85
43
0
-15
22
46
64
70
65
67
67
76
85
86
34
4
-13
14
45
60
70
66
63
66
73
82
86
26
0
-14
19
48
62
69
67
62
69
76
82
76
20
2
-10
12
44
61
66
68
63
63
75
81
84
27
-2
-13
19
46
65
67
67
65
65
77
83
84
21
-4
-15
26
50
66
68
64
64
66
77
84
82
17
-6
-9
31
53
68
68
62
64
70
77
86
73
9
-8
-3
36
56
66
68
64
62
71
77
86
41
0
-12
18
49
63
67
67
62
65
76
81
74
21
-9
0
34
57
69
66
66
62
71
80
84
43
6
-11
7
37
58
69
66
66
62
71
82
86
50
12
-9
-1
36
54
69
68
63
64
70
79
88
63
8
-13
4
39
58
70
68
63
65
74
80
89
34
9
-9
-2
34
56
67
70
64
63
73
79
82
43
16
-5
-7
29
54
69
66
68
63
70
80
84
53
12
-9
1
34
56
71
66
68
64
70
82
84
43
18
-5
-7
33
53
69
68
65
65
70
80
86
73
21
-2
-15
27
51
64
70
66
63
70
76
86
62
15
-5
-8
31
55
68
70
66
62
71
77
86
53
20
-3
-14
25
53
67
66
67
62
68
79
82
63
17
-6
-5
31
54
69
65
65
63
69
80
85
51
4
-13
16
43
61
70
65
65
65
72
83
83
28
1
-15
21
47
63
68
65
63
67
74
83
74
20
-6
-1
37
57
66
68
63
61
72
77
86
42
6
-10
7
39
59
66
66
65
61
73
79
84
52
2
-11
14
41
62
68
66
64
63
75
82
82
42
1
-14
21
46
64
67
64
64
66
73
83
71
22
0
-14
26
49
66
68
62
64
68
75
83
83
15
1
-13
19
48
62
67
66
60
66
74
80
87
20
-2
-13
25
51
65
66
66
60
67
76
82
83
15
-6
-6
30
53
67
64
66
62
68
78
82
72
11
-9
2
35
55
69
64
64
63
70
80
84
59
8
-11
9
41
57
69
66
63
64
71
80
87
33
0
-14
26
51
64
68
64
63
69
75
84
63
16
-3
-7
30
55
66
66
66
61
71
77
82
53
12
-1
-10
25
50
66
66
66
63
66
77
82
80
17
0
-12
22
47
66
68
64
64
64
75
83
86
22
-3
-15
28
50
66
68
64
65
68
75
86
61
16
-5
-8
34
54
66
68
64
63
72
75
86
52
3
-12
14
44
62
66
68
62
64
75
80
84
43
-1
-12
19
48
64
66
67
64
65
76
80
73
21
-8
0
35
57
70
64
66
63
70
81
84
41
7
-11
7
38
57
70
66
64
64
70
81
86
50
5
-15
13
44
59
70
66
63
66
72
81
85
25
-5
-9
29
55
66
68
67
61
72
77
85
53
9
-3
-15
24
51
66
67
67
63
67
79
83
83
14
-2
-15
21
46
66
67
65
65
65
77
83
85
21
-4
-14
28
48
66
68
65
65
68
76
85
59
15
-5
-9
32
54
69
69
63
65
71
76
83
73
8
-7
-2
37
57
66
68
65
63
74
77
87
41
0
-15
18
47
64
66
68
63
64
77
81
74
20
-8
1
35
56
69
64
64
61
70
80
84
42
8
-11
8
38
56
69
64
65
63
72
80
86
49
13
-8
0
37
55
70
68
63
63
70
79
86
61
8
-9
7
42
56
68
68
63
65
72
79
88
33
11
-6
0
35
56
68
68
65
62
72
79
81
44
15
-6
-7
29
55
68
66
67
63
69
79
83
52
22
-4
-14
26
50
68
68
65
65
67
78
83
82
41
7
-10
9
41
58
70
67
63
65
73
81
87
50
10
-8
0
37
57
69
69
65
64
73
78
88
41
7
-8
7
40
60
68
68
65
63
74
79
86
20
-2
-14
26
51
66
66
67
63
69
77
83
83
17
0
-13
21
46
66
68
65
65
65
76
83
72
22
4
-14
15
44
61
70
65
64
64
73
82
85
41
16
-4
-8
33
53
65
67
64
62
69
76
84
31
4
-9
14
43
61
66
66
63
63
73
78
83
28
0
-12
20
46
64
66
66
64
66
76
81
84
24
0
